97.3184 97.2864 102.0544 100.368 102.2784 102.928 103.0048 103.0336
102.7648 97.9712 102.7904 102.6112 99.584 102.8768 99.4592 101.952
99.6864 105.2288 98.7968 104.9824 101.2896 101.456 102.4416 99.76
102.1408 101.5136 104.544 100.2016 101.0112 101.5008 101.0944 101.5776
101.296 99.8336 101.6864 102.3008 102.304 96.2048 101.744 102.2496
102.368 101.8304 103.8464 100.7008 101.5392 98.8512 101.936 99.7696
101.7824 103.744 102.1472 101.9296 98.032 98.8032 100.5856 98.704
102.7136 103.1712 102.3072 101.4816 103.1392 104.288 102.6912 100.2464
103.024 99.1936 101.0496 99.0784 101.856 104.5952 102.2656 100.1952
100.9568 98.1344 98.9504 100.7424 99.1296 101.4272106 99.776 104.4224
103.568 101.9616 99.2096 100.8576 99.9392 99.0048 100.6816 99.584
98.3808 98.9984 100.5824 96.8512 105.0592 101.1808 97.6832 99.6704
97.4912 103.4496 99.488 102.4096 102.1856 100.3456 101.9136 101.2032
99.4208 103.2544 96.864 101.1008 98.656 100.5568 104.4544 100.656
103.6064 102.8352 98.1472 101.9424 99.6992 100.5088 102.304 101.2512
101.6192 104.1248 98.3104 101.1616 101.8496 101.0464 104.9152 100.032
98.3392 98.9056 101.8496 94.432 102.0736 103.024 102.304 98.7168
99.376 102.4992 99.824 103.6096 102.0064 101.4912 101.9936 102.3168
100.016 97.7408 97.8496 102.5632 101.7984 103.6704 102.3008 101.8208
100.7552 102.8288 103.6224 102.144 102.3936 100.2912 99.2768 99.3792
97.1488 100.176 102.3616 101.6352 102.3936 100.752 101.168 97.3696
101.4368 99.8016 98.3104 100.768 100.112 100.0704 98.9152 100.5536
100.4576 95.1616 101.9776 100.9888 98.9696 100.4384 103.6864 101.008
98.9856 105.2384 99.7824 105.2928 99.264 99.8688 99.1712 99.9296
101.536 104.7488 95.6832 101.7536 99.4848 101.5648 98.7968 101.8144
99.2192 103.3024 102.624 100.6976 99.9008 100.8512 104.4
