0.074344 0.069479 0.081061 0.076713 0.080332 0.070889 0.077277
0.072103 0.079162 0.086105 0.073427 0.079334 0.075947 0.077233
0.080114 0.073032 0.068325 0.085002 0.074056 0.070567 0.078052
0.066383 0.077912 0.068304 0.074736 0.071228 0.074609 0.07298 0.077554
0.071644 0.077277 0.075887 0.085374 0.07344 0.079975 0.072206 0.077358
0.076242 0.07652 0.079256 0.064324 0.07387 0.076368 0.065997 0.074286
0.080333 0.073009 0.076768 0.078693 0.057695 0.074558 0.07012 0.072516
0.067742 0.06928 0.079787 0.078798 0.078088 0.073876 0.083806 0.079691
0.064215 0.07251 0.075321 0.07298 0.066927 0.078956 0.079017 0.0745
0.072885 0.071486 0.074095 0.070269 0.072362 0.08207 0.081323 0.073959
0.074949 0.084577 0.083461 0.073608 0.081053 0.071271 0.084606
0.080084 0.077975 0.082343 0.070615 0.073188 0.067291 0.076216
0.082943 0.074844 0.081559 0.074654 0.07972 0.072526 0.071849 0.072295
0.080058 0.074602 0.068427 0.072923 0.070223 0.073628 0.068104
0.072093 0.067432 0.076006 0.076974 0.074183 0.073552 0.069718
0.064223 0.07519 0.064864 0.078268 0.060273 0.068598 0.08074 0.073342
0.079804 0.068017 0.06918 0.076443 0.077269 0.065016 0.066179 0.075493
0.072553 0.075194 0.07814 0.067981 0.07036 0.068879 0.072943 0.076307
0.078817 0.074861 0.06754 0.079614 0.069606 0.07901 0.078032 0.077427
0.072623 0.072575 0.074436 0.071149 0.062058 0.07246 0.061669 0.076202
0.074301 0.071341 0.078383 0.064213 0.082414 0.072864 0.077277
0.058599 0.063409 0.079604 0.085088 0.086315 0.06783 0.071018 0.069937
0.077866 0.077875 0.065849 0.077124 0.070679 0.07587 0.079947 0.078549
0.07394 0.078721 0.078018 0.078008 0.072752 0.076196 0.076554 0.07509
0.083193 0.080841 0.070146 0.080563 0.073225 0.076306 0.07288 0.074381
0.070528 0.078928 0.082925 0.081957 0.067119 0.082038 0.079321
0.071871 0.074327 0.079915 0.070445 0.081243 0.073136 0.074063 0.08593
