61.56033 61.66831 71.72374 67.48844 69.76512 68.69336 67.88825
71.80719 73.24424 63.41819 67.47451 68.51252 62.93161 67.64173
65.49644 66.25544 63.20348 71.19216 65.7752 74.28508 67.93612 67.81614
70.32761 64.82307 69.58693 69.14656 73.22079 66.09265 69.46257
66.08519 65.10033 70.41829 69.36481 66.11103 66.05775 68.97085
67.84815 60.0289 70.64881 67.69222 65.24834 69.48235 72.08124 66.65814
67.98613 62.08629 71.59206 69.75235 68.74218 72.36554 68.68069
67.61602 60.13644 67.53192 64.73881 64.24124 69.54819 71.49863
67.35595 68.17084 70.48811 71.9009 68.5859 65.44193 70.14522 64.81811
66.48933 60.69387 67.97455 71.21006 69.41739 67.57187 67.41483 62.318
63.9626 68.30291 67.39874 65.80787 76.58494 66.07816 72.85111 72.69031
69.7123 62.76971 69.65778 62.50382 62.35584 68.79068 68.2435 63.02401
63.24708 65.97928 62.62039 73.83835 66.04541 61.32807 64.77555
63.65723 68.07926 66.09751 69.94003 69.42193 64.58069 69.70179
67.73108 63.18156 69.01535 63.79275 67.66054 63.05706 63.66426 70.4175
68.5197 71.93619 70.54494 66.38623 67.62277 63.82556 65.11136 68.90674
65.24858 68.77298 72.93242 63.39885 67.41514 68.34275 68.3112 70.43238
65.03702 64.95545 64.46886 69.50401 62.54689 67.68285 73.95221
69.62234 63.44239 65.0181 71.07771 66.08121 72.21116 68.892 68.67462
69.99443 66.82608 65.67847 60.82787 60.43153 67.99785 70.93166
70.56537 68.31849 69.42602 67.7682 70.10007 72.39324 68.50281 69.02749
67.6975 65.44254 63.63821 62.54281 65.70809 66.78492 66.39345 69.6289
68.94769 68.12769 62.67837 68.70195 67.56125 64.06099 68.03361
65.42812 67.48839 63.43994 66.1717 65.00517 59.97396 69.08295 63.86388
63.76175 66.96466 71.77808 67.95778 66.9275 75.08916 67.21212 74.77999
66.05962 65.99821 65.57624 67.7627 67.26742 73.89709 60.96459 70.57231
66.66324 68.97172 65.8565 69.41059 64.11706 67.63347 67.23298 68.40778
67.87077 66.74687 72.77991 67.38962
