"","X","S1","S2","S3","S4","S5","S6","S7","S8","S9","S10","S11","S12","S13","S14","S15","S16","S17","S18","S19","S20","S21","S22","S23","S24","S25"
"1",1,0,1,0,0,1,1,0,0,0,1,1,1,0,1,1,1,0,0,1,1,1,1,1,0,1
"2",1,1,1,1,0,1,1,1,1,0,1,1,1,1,1,1,1,1,0,0,1,1,1,0,1,1
"3",1,0,1,0,1,0,1,0,1,0,1,1,1,1,1,1,1,0,1,0,1,0,1,1,1,1
"4",1,1,1,1,1,1,1,0,1,1,1,1,0,1,1,1,1,1,1,0,1,1,1,1,1,1
"5",1,1,1,1,1,0,1,0,1,0,0,1,1,0,1,1,0,1,0,1,1,1,1,0,1,1
"6",1,0,0,1,0,0,1,1,1,0,1,1,1,0,1,1,0,1,1,1,1,1,1,0,1,1
"7",1,1,1,1,1,1,0,0,1,1,1,1,1,1,1,0,1,1,1,1,0,1,1,1,1,1
"8",1,1,0,0,1,1,1,1,1,1,0,1,0,1,1,1,1,0,1,1,0,1,1,1,1,0
"9",0,0,1,0,1,1,0,1,1,1,0,1,0,1,1,0,1,1,1,0,0,1,1,1,0,0
"10",1,1,0,1,1,1,1,1,0,1,1,0,1,1,0,1,1,1,1,1,1,1,1,0,0,1
"11",0,1,1,1,0,1,1,1,1,0,1,0,1,0,1,1,1,1,1,1,1,1,0,1,1,1
"12",1,1,1,0,0,1,1,1,0,1,1,0,1,1,1,0,1,1,1,0,1,1,1,1,1,1
"13",0,0,1,1,1,1,0,1,1,0,1,0,1,1,1,1,1,1,1,1,1,0,1,1,0,1
"14",0,0,1,0,1,1,1,1,1,0,0,1,0,1,0,1,1,0,1,1,1,1,1,1,0,1
"15",1,1,0,1,0,0,1,0,0,1,1,1,1,1,1,1,1,1,1,1,1,1,0,1,1,1
"16",1,1,0,1,0,1,0,1,1,1,1,1,1,1,0,1,0,1,1,1,1,1,1,0,0,1
"17",1,1,1,1,0,1,0,1,0,0,0,1,1,1,1,1,1,1,1,1,0,1,0,1,1,1
"18",1,1,1,1,1,0,0,0,1,1,1,1,1,1,1,0,1,1,1,0,1,1,0,1,1,1
"19",0,1,0,0,1,1,1,1,1,1,1,1,0,0,0,0,1,0,1,1,1,0,1,0,1,1
"20",1,1,1,1,0,1,0,1,1,0,1,1,0,1,1,1,0,1,0,0,0,1,1,1,0,1
"21",1,0,0,0,0,1,0,1,0,1,1,1,0,0,1,0,0,1,0,1,1,1,1,1,1,1
"22",1,1,0,1,1,1,1,0,1,1,0,1,1,0,1,0,1,0,1,1,1,0,1,1,0,1
"23",1,0,1,1,1,1,1,0,1,0,1,1,1,1,1,0,1,1,1,1,1,1,1,1,1,1
"24",0,0,1,1,1,1,1,0,1,1,1,1,1,1,1,0,0,1,1,0,1,0,0,1,1,0
"25",1,0,1,1,0,0,1,1,0,1,1,1,0,1,1,1,1,1,1,1,1,1,0,0,1,1
"26",1,1,1,0,0,1,0,1,1,1,1,1,1,1,0,1,1,0,1,1,1,1,1,1,1,1
"27",1,1,1,1,0,1,1,1,1,1,1,0,1,1,1,1,1,1,1,1,1,1,0,1,1,0
"28",0,1,0,1,1,1,1,0,0,1,1,1,1,1,0,1,1,0,1,1,1,1,1,1,1,0
"29",1,0,1,1,1,1,1,1,0,1,1,1,1,1,1,1,1,0,1,1,1,1,1,0,0,1
"30",1,0,0,1,1,0,1,1,1,1,0,1,1,1,0,0,0,1,1,1,1,1,1,1,1,1
"31",1,1,1,0,1,1,1,1,1,1,1,0,1,1,1,0,1,1,1,0,1,0,0,1,1,1
"32",0,1,1,0,1,1,1,1,1,1,0,1,1,1,0,1,1,0,0,1,0,1,0,0,1,0
"33",1,0,0,1,1,1,1,1,0,1,1,0,0,1,1,1,1,0,0,0,1,1,1,1,0,1
"34",1,1,1,1,0,1,1,0,1,0,0,1,1,1,1,1,1,1,0,1,1,1,1,1,1,0
"35",1,1,1,1,1,1,1,1,1,0,1,0,0,0,1,0,1,1,1,1,0,0,1,1,1,1
"36",0,1,1,1,0,1,1,0,1,1,0,1,1,0,1,1,1,0,1,1,0,0,0,1,1,1
"37",1,0,1,1,1,1,1,0,0,1,1,1,0,1,1,1,1,1,0,1,1,1,1,1,1,1
"38",1,1,0,1,1,1,1,1,1,1,1,1,1,1,1,1,0,1,1,1,1,1,1,0,1,1
"39",1,1,1,0,1,1,1,1,0,1,0,1,1,1,1,0,1,1,1,0,1,1,1,1,1,1
"40",0,1,0,1,1,1,1,0,0,1,1,0,0,1,1,1,0,1,1,1,1,1,1,0,1,1
"41",1,1,1,1,0,1,1,1,1,1,0,1,1,1,1,1,1,0,1,0,0,1,1,0,1,1
"42",1,0,1,1,1,0,0,0,1,1,0,1,1,1,1,1,1,0,1,1,1,1,0,1,0,1
"43",0,0,1,1,1,0,1,1,0,1,1,0,1,0,1,1,1,1,1,1,0,1,0,1,1,1
"44",0,1,0,0,0,1,1,0,0,1,1,1,1,1,1,1,1,1,1,1,0,1,1,1,0,1
"45",1,1,0,1,0,1,1,1,1,1,0,1,1,1,1,1,1,0,0,0,1,1,0,0,1,0
"46",1,1,1,0,0,1,0,1,1,0,1,1,0,1,0,1,0,1,1,1,0,1,1,0,0,1
"47",0,1,1,1,0,1,0,1,1,1,1,1,1,1,1,1,0,1,0,1,0,0,0,1,1,1
"48",1,1,1,0,0,1,1,1,1,0,0,0,1,0,1,1,0,0,1,1,1,1,0,1,1,1
"49",1,1,1,1,1,0,1,1,1,1,1,0,0,1,1,1,1,1,1,1,1,0,1,1,1,1
"50",1,1,1,1,1,0,1,1,0,0,1,1,1,1,1,0,0,1,0,0,0,1,0,0,1,1
"51",1,1,1,0,1,1,1,0,0,1,1,1,1,0,1,0,1,1,1,1,1,1,0,1,0,0
"52",1,1,1,0,1,1,0,1,1,1,1,0,1,1,0,0,0,0,0,1,1,0,0,1,1,1
"53",1,0,1,1,0,0,1,0,0,0,1,1,1,1,0,1,1,0,1,0,1,1,1,0,0,1
"54",1,0,1,1,1,1,1,1,1,0,0,1,1,0,0,1,1,1,1,1,0,1,1,1,1,1
"55",1,1,1,0,0,1,1,1,1,1,0,1,1,1,1,0,1,1,0,1,0,0,0,0,1,1
"56",1,0,1,0,1,0,0,0,1,1,1,0,1,1,1,1,1,1,1,1,1,1,1,0,0,1
"57",1,0,1,1,0,0,1,1,0,0,1,1,0,1,0,1,1,1,1,1,1,1,1,1,0,0
"58",0,1,0,1,1,1,1,1,1,1,0,0,1,1,1,0,0,0,1,1,1,1,1,1,1,1
"59",0,1,1,1,1,1,1,0,1,1,1,0,1,1,1,1,1,1,1,0,0,1,1,0,1,1
"60",0,1,0,1,0,1,1,1,1,1,1,1,1,1,1,1,1,0,1,0,0,0,1,1,1,0
"61",1,1,1,1,1,1,0,1,1,0,1,0,1,1,1,1,0,1,0,0,0,1,0,1,1,1
"62",1,0,1,0,1,0,1,0,1,0,0,0,0,1,1,1,1,0,0,1,0,1,1,1,1,0
"63",0,1,1,1,1,1,0,0,1,0,1,1,1,1,1,1,1,1,1,1,1,1,0,0,1,0
"64",1,1,0,1,1,1,1,0,1,1,0,1,1,1,1,0,1,1,1,1,1,1,1,1,1,1
"65",1,1,0,1,1,0,1,1,1,1,1,0,1,0,1,1,1,0,1,1,1,0,1,0,1,0
"66",0,1,1,1,1,0,1,1,1,1,1,0,0,0,0,1,1,1,0,0,1,0,0,0,1,1
"67",1,1,1,1,1,1,1,1,1,1,0,0,0,0,1,1,1,0,1,0,1,1,0,1,0,1
"68",1,1,1,1,1,1,0,1,1,1,1,1,1,0,0,1,0,1,1,1,1,1,0,0,0,1
"69",1,0,1,1,1,1,1,1,0,0,1,0,1,0,1,0,0,0,1,0,1,1,1,0,0,1
"70",1,0,1,1,0,1,1,1,1,1,1,1,1,1,1,1,0,1,1,1,1,1,1,1,1,1
"71",0,1,1,0,0,0,1,0,0,1,0,1,1,1,0,1,1,1,0,1,1,0,0,1,1,1
"72",0,0,1,1,1,0,1,1,0,1,1,1,1,1,0,1,0,1,1,1,0,1,0,0,1,1
"73",1,1,1,1,0,1,1,1,0,1,1,1,1,1,1,1,1,1,1,1,0,1,1,0,1,1
"74",1,1,1,1,0,0,1,1,1,1,1,1,1,1,1,1,1,1,0,1,1,1,1,1,1,1
"75",0,0,1,1,1,1,1,1,1,0,0,0,1,1,1,0,1,1,1,1,0,0,1,0,1,1
"76",1,1,1,0,1,1,1,1,1,0,1,0,1,1,1,1,0,0,0,1,0,0,1,0,1,0
"77",1,1,1,1,1,1,1,1,1,1,1,1,1,1,0,1,0,0,0,1,0,1,1,1,1,0
"78",1,0,1,1,1,1,1,1,1,1,1,1,1,1,1,0,1,1,1,1,0,1,1,0,1,1
"79",0,0,1,0,1,1,1,0,0,1,1,1,1,1,1,1,0,1,1,1,0,1,1,1,0,0
"80",1,1,1,1,1,1,0,1,1,1,1,1,1,1,1,0,1,1,1,0,1,1,1,1,1,1
"81",1,1,1,1,1,0,1,1,1,1,1,1,1,1,0,1,1,1,1,1,0,0,0,1,0,1
"82",1,1,1,0,1,1,0,1,1,0,1,1,1,1,1,1,1,1,0,0,0,1,1,1,1,0
"83",0,0,1,0,1,1,1,1,1,0,1,1,1,0,0,1,1,1,1,1,0,0,1,1,0,1
"84",1,1,0,1,1,1,1,0,1,1,1,0,1,1,1,1,1,0,1,1,0,1,0,1,1,1
"85",1,1,1,0,1,1,0,0,1,1,0,1,1,1,1,1,1,1,0,1,1,1,1,1,1,0
"86",1,0,1,1,1,1,1,1,0,1,0,1,1,1,1,1,1,1,0,1,1,1,1,0,0,0
"87",1,1,0,1,1,1,1,0,1,1,1,0,1,0,1,1,1,1,1,1,1,0,1,0,1,1
"88",1,0,1,0,0,1,1,1,0,1,1,1,1,1,1,1,1,1,0,1,0,1,1,1,1,1
"89",1,0,1,1,0,1,1,0,1,0,1,1,1,0,1,1,0,1,1,1,1,0,1,0,1,0
"90",1,1,1,0,1,0,1,1,1,1,1,1,1,1,0,1,1,1,1,1,1,0,1,1,0,1
"91",0,1,1,1,1,0,1,1,0,0,0,1,1,1,1,0,1,1,1,1,1,1,1,1,1,1
"92",1,1,0,1,1,0,1,1,1,0,0,1,1,1,1,1,1,1,1,0,1,1,1,0,0,0
"93",1,1,0,1,0,0,0,1,1,0,1,1,0,1,1,1,0,0,1,1,1,0,0,1,1,1
"94",0,1,0,1,1,0,0,1,1,1,1,0,1,0,1,1,1,0,1,0,0,1,0,0,0,1
"95",0,0,1,0,0,1,0,0,1,1,0,1,0,1,1,1,0,1,1,1,0,1,1,1,1,1
"96",0,0,1,0,1,1,1,1,1,1,1,1,0,0,1,1,0,1,1,1,1,1,0,0,0,0
"97",1,0,1,1,1,1,1,1,1,1,1,0,1,1,1,1,0,0,1,1,1,1,1,1,1,0
"98",1,1,1,0,1,1,1,1,1,0,1,1,1,0,1,1,1,1,1,1,0,0,0,0,0,1
"99",1,0,1,0,0,1,1,1,1,1,1,1,1,1,1,1,1,1,1,1,1,1,1,1,0,0
"100",0,0,0,0,1,1,0,1,1,0,1,0,1,1,1,1,0,1,1,0,0,0,1,1,1,0
"101",1,1,1,1,0,1,1,1,0,0,0,1,1,0,1,1,1,0,1,1,1,1,1,1,0,1
"102",0,1,1,1,1,0,0,1,1,1,1,1,1,0,1,0,0,1,1,1,0,1,1,1,1,0
"103",1,0,1,1,1,1,1,1,1,1,1,1,1,0,1,0,0,1,1,1,1,0,0,1,1,1
"104",0,1,1,0,1,1,1,1,1,0,1,1,1,0,0,1,0,1,0,1,1,1,0,1,1,1
"105",0,0,0,1,1,0,1,1,1,1,1,1,1,1,0,1,1,1,1,1,1,0,0,1,1,1
"106",1,1,1,0,1,1,1,0,1,1,1,0,1,1,1,1,0,1,1,1,1,1,0,1,1,1
"107",0,1,1,1,0,0,1,1,1,1,1,1,0,1,1,0,1,1,0,1,1,1,1,1,1,1
"108",1,1,1,1,0,1,1,1,0,1,1,1,1,1,1,1,1,0,0,1,0,1,1,1,1,1
"109",0,0,1,0,0,1,0,1,1,1,1,1,1,1,1,1,1,1,1,1,1,0,1,0,1,1
"110",0,1,1,1,0,1,1,1,0,1,1,1,1,0,1,1,0,1,1,1,0,1,1,1,1,0
"111",0,1,1,0,1,1,1,1,0,1,0,1,1,0,1,1,1,0,0,1,1,0,1,0,1,1
"112",0,0,1,1,1,1,0,1,0,0,1,1,0,1,0,0,1,1,0,1,1,1,1,1,1,1
"113",1,1,1,1,1,1,1,1,1,0,1,1,1,1,0,1,1,1,0,1,0,0,1,1,0,0
"114",1,1,1,0,1,1,1,1,1,1,0,1,0,0,0,1,1,0,0,0,0,0,0,1,0,1
"115",1,1,0,1,1,1,1,1,1,0,1,0,1,1,1,0,1,1,1,1,1,0,1,1,1,0
"116",1,0,1,0,1,0,1,1,1,1,0,1,1,0,1,0,1,1,0,1,1,0,1,1,1,1
"117",1,1,1,1,1,0,1,1,1,1,1,0,1,1,1,0,1,0,0,1,1,1,1,1,1,0
"118",1,1,1,1,1,1,1,1,1,1,1,1,0,0,1,1,1,1,1,1,1,0,1,1,1,1
"119",0,1,0,0,0,1,1,0,1,1,1,1,1,1,1,0,1,1,1,0,1,1,1,0,1,0
"120",1,1,1,1,1,1,1,1,1,1,1,1,1,1,0,1,1,1,0,1,1,1,1,0,0,0
"121",1,1,1,0,1,1,1,1,0,0,1,1,1,1,1,1,1,0,1,1,1,1,1,0,1,1
"122",1,1,1,0,1,1,1,0,0,1,1,1,1,1,1,1,0,1,1,0,1,1,1,0,1,1
"123",0,1,0,0,1,1,1,1,1,0,1,0,1,0,1,1,1,1,1,1,1,1,1,1,1,1
"124",1,1,1,1,1,0,1,1,1,0,0,1,0,1,1,1,1,1,0,1,1,1,1,1,1,1
"125",1,1,0,0,1,1,1,1,1,1,1,1,1,1,1,0,0,0,1,1,1,1,1,1,1,1
"126",1,1,1,0,0,0,1,1,0,1,1,0,1,1,0,0,0,1,0,0,1,0,1,1,0,1
"127",1,1,0,1,1,1,1,0,1,1,1,0,1,1,1,1,1,1,1,1,0,1,1,1,0,0
"128",1,1,1,0,0,0,1,1,0,1,1,1,1,1,1,1,1,1,1,1,1,1,1,0,1,0
"129",1,0,0,1,1,1,1,1,0,0,0,1,0,1,1,0,0,1,0,1,1,1,1,1,1,1
"130",0,1,1,0,0,0,0,1,1,1,0,0,1,1,1,1,1,1,0,1,1,0,1,1,1,0
"131",0,1,1,1,1,1,1,1,0,1,1,0,0,1,1,0,0,1,0,1,1,1,0,1,1,1
"132",1,1,1,1,0,1,0,0,1,0,1,1,0,1,1,1,0,1,1,1,1,1,0,1,1,1
"133",0,1,0,1,1,0,0,1,1,0,0,1,1,1,1,1,1,0,1,1,1,1,1,0,1,0
"134",0,1,1,1,1,0,1,0,1,0,1,1,1,1,1,1,1,1,0,1,1,1,1,1,1,1
"135",1,1,1,1,1,1,1,0,1,1,1,1,1,1,0,1,1,0,1,1,1,1,1,1,1,0
"136",1,1,0,0,1,1,0,0,0,1,1,1,1,1,1,0,1,1,1,1,1,0,0,1,0,1
"137",1,1,1,1,1,0,1,0,0,1,0,1,1,0,1,1,1,0,0,0,1,1,1,1,0,1
"138",1,1,0,1,1,0,0,1,0,1,1,1,0,1,0,1,1,1,0,1,1,0,1,1,1,0
"139",0,1,1,1,0,1,0,1,1,0,1,1,0,0,1,1,1,0,0,1,1,1,1,0,0,1
"140",0,1,0,1,1,1,0,0,1,1,1,1,1,1,1,1,0,1,1,1,1,1,1,1,1,0
"141",1,1,1,1,1,1,0,1,1,1,0,0,1,0,1,1,1,0,1,0,0,1,1,1,1,1
"142",1,0,0,1,1,1,0,1,1,1,1,1,0,1,0,1,1,0,0,0,0,1,1,0,1,0
"143",0,1,1,0,0,0,1,1,1,1,0,1,1,0,1,0,1,0,1,1,1,0,0,0,1,1
"144",0,0,0,0,1,0,1,1,1,1,0,1,1,0,1,1,0,1,1,0,1,1,1,0,0,1
"145",0,1,1,1,0,0,0,1,0,1,1,1,1,1,1,0,1,1,0,0,0,0,1,1,0,0
"146",1,1,0,1,1,1,1,1,1,1,1,0,0,0,1,1,1,1,1,0,1,1,1,1,0,1
"147",0,1,1,1,1,1,1,1,1,1,1,1,1,0,1,1,0,0,1,1,0,1,1,1,1,1
"148",1,1,1,1,1,0,1,1,1,1,1,1,0,0,1,0,1,1,1,1,1,1,1,1,1,1
"149",1,0,1,1,0,0,0,1,1,1,0,1,0,1,1,1,1,0,1,1,1,1,1,1,0,1
"150",1,1,1,1,1,1,1,1,1,1,1,1,0,1,1,0,1,1,1,0,1,1,1,1,1,1
"151",0,0,1,1,0,1,1,1,1,0,1,1,1,1,1,1,0,1,1,1,1,1,1,0,0,0
"152",1,0,0,1,1,1,1,1,1,0,0,1,0,1,1,1,1,1,0,1,0,1,1,1,1,1
"153",0,1,1,1,0,1,1,0,0,0,1,1,1,1,1,1,1,0,1,1,0,1,1,1,1,0
"154",0,1,0,1,1,1,1,1,0,1,1,1,1,1,1,0,1,1,1,1,1,1,1,0,0,0
"155",0,0,1,1,1,1,1,1,1,0,1,0,1,0,1,1,1,1,1,0,1,1,1,1,1,1
"156",1,1,0,1,1,1,1,1,1,1,0,1,1,1,1,0,1,1,1,1,1,1,1,0,1,1
"157",1,1,1,1,1,1,1,1,1,1,1,1,1,0,1,1,1,0,0,1,0,0,0,0,1,1
"158",1,0,0,1,0,1,1,1,1,0,0,0,1,1,1,0,0,0,1,0,1,1,1,1,1,0
"159",0,1,1,1,1,1,1,0,1,1,0,1,1,1,1,0,1,1,1,1,1,0,0,1,1,0
"160",1,0,1,1,1,1,1,1,1,1,1,1,0,1,1,1,1,0,1,0,1,1,0,1,1,1
"161",1,0,0,1,1,1,0,1,1,1,0,1,1,1,1,1,1,1,1,1,0,1,1,1,0,0
"162",1,1,1,1,1,1,0,0,1,1,1,1,1,0,1,0,1,1,1,1,0,1,1,0,1,1
"163",1,1,1,1,0,1,1,1,0,0,0,1,1,1,1,0,1,1,1,1,1,0,1,1,1,1
"164",1,1,1,1,1,1,0,1,1,1,1,1,0,1,1,1,0,1,0,1,1,1,1,1,0,1
"165",0,1,0,1,0,1,1,1,0,1,1,1,0,1,0,1,0,1,1,0,1,0,0,1,1,1
"166",1,1,1,1,1,1,1,0,1,0,1,1,0,1,1,0,1,1,0,1,0,1,1,1,1,1
"167",0,1,0,1,0,1,1,0,0,1,0,1,1,1,0,0,0,1,0,0,0,1,1,0,0,0
"168",0,0,1,1,1,1,1,1,1,1,1,1,1,0,1,1,1,1,1,1,1,1,1,0,1,0
"169",0,1,0,1,1,1,0,1,1,0,1,1,1,0,1,0,1,1,1,1,1,0,0,0,0,0
"170",1,0,0,1,1,1,1,0,1,1,1,1,1,0,1,0,1,0,0,0,1,1,1,1,1,0
"171",1,1,1,1,0,0,0,1,0,0,1,1,0,1,1,1,1,1,1,1,0,0,1,0,1,1
"172",0,1,1,1,1,1,1,1,1,1,1,1,1,0,1,0,0,1,0,1,0,1,1,0,1,1
"173",1,1,1,0,1,1,1,1,1,1,1,0,1,1,1,1,1,1,1,1,0,1,0,1,1,1
"174",1,1,0,1,1,1,0,0,1,1,1,1,1,0,0,1,1,1,1,0,1,1,0,1,1,0
"175",0,0,1,0,0,1,1,0,1,1,1,0,1,1,0,1,0,1,1,0,0,0,1,1,1,1
"176",1,1,0,1,1,1,0,1,1,1,0,1,1,1,0,0,0,1,1,1,1,0,1,1,0,1
"177",1,0,1,1,1,1,1,1,1,0,1,0,1,0,1,0,1,1,1,1,1,0,1,1,1,1
"178",1,1,1,1,0,1,1,1,1,1,1,1,1,1,1,1,1,1,1,0,0,1,1,0,1,1
"179",0,1,1,1,1,1,1,1,0,0,1,1,1,1,1,0,1,1,1,1,1,1,1,1,0,1
"180",0,1,1,1,1,0,1,1,1,1,1,1,0,1,1,1,1,1,0,0,1,0,1,0,1,1
"181",1,0,1,0,1,1,0,1,1,1,1,0,1,0,0,1,1,1,1,1,0,1,1,1,1,1
"182",1,1,1,0,1,1,0,1,1,1,0,1,0,1,1,1,1,1,1,1,1,1,1,1,1,1
"183",0,1,1,0,1,1,1,1,0,1,1,1,1,1,1,1,0,1,0,0,0,1,0,1,1,1
"184",0,1,1,0,1,1,1,1,1,1,1,0,1,0,0,1,0,1,1,1,0,1,1,1,1,0
"185",1,0,0,1,1,1,1,1,0,0,1,1,1,1,1,1,1,1,1,0,1,1,0,1,1,1
"186",1,1,1,0,1,1,0,1,1,1,1,1,0,1,1,0,1,0,1,1,1,0,1,0,1,1
"187",1,0,1,0,0,0,1,1,1,1,1,1,1,1,0,1,0,0,1,1,0,1,0,1,1,1
"188",1,1,1,0,1,0,0,0,1,1,1,1,1,1,1,1,1,1,0,0,0,1,1,1,1,0
"189",0,1,0,1,1,0,1,1,1,1,1,1,1,1,1,1,1,0,1,0,1,1,1,1,1,1
"190",1,1,1,1,1,1,0,1,0,1,0,0,1,1,1,1,1,1,1,1,1,0,1,1,0,0
"191",0,0,1,1,1,1,1,0,1,1,1,1,0,0,1,1,1,0,1,1,1,1,0,1,1,1
"192",1,0,1,1,1,1,1,0,1,0,0,1,1,1,1,1,0,0,1,1,1,1,1,0,1,1
"193",0,1,1,0,0,0,1,1,1,1,1,1,1,1,1,0,1,1,1,1,0,1,1,1,0,0
"194",1,1,1,1,1,1,1,1,1,1,1,1,0,1,1,1,1,0,1,1,1,1,1,1,0,1
"195",0,1,1,1,0,1,1,0,1,1,1,1,0,1,0,0,1,0,0,0,1,1,1,1,1,1
"196",0,1,1,1,0,1,1,1,0,1,1,0,1,1,0,1,1,0,1,1,0,1,1,1,0,1
"197",1,1,1,0,1,0,0,1,1,1,0,1,1,1,0,1,0,1,1,1,1,1,1,0,1,1
"198",1,1,1,1,0,1,1,0,0,1,1,1,0,0,1,1,0,1,1,1,1,0,1,1,1,1
"199",1,1,1,1,1,1,0,1,1,1,0,1,0,1,1,1,1,1,1,0,0,1,0,1,1,1
"200",1,1,0,0,1,1,1,0,1,1,1,1,1,1,1,0,1,1,1,0,1,1,1,1,1,1
"201",1,1,1,1,1,1,1,1,1,1,1,1,1,0,0,1,0,1,1,0,0,1,1,1,1,1
"202",0,0,1,1,0,1,1,0,1,1,1,1,1,1,1,0,1,1,1,1,1,1,1,1,0,0
"203",1,0,1,0,1,1,1,1,1,1,0,1,0,1,0,1,1,1,1,1,1,1,0,0,0,0
"204",1,1,1,1,1,0,1,1,1,1,1,0,0,1,0,1,1,1,1,1,0,0,1,1,0,1
"205",1,1,0,1,1,1,1,0,1,1,1,1,1,1,1,0,0,0,1,1,0,0,0,0,1,1
"206",0,1,0,1,1,1,0,1,1,1,1,0,1,0,0,1,1,1,1,0,0,1,0,0,1,1
"207",1,1,1,1,1,1,1,1,1,0,1,1,1,1,0,1,1,1,1,1,1,0,1,1,1,0
"208",0,0,1,0,1,1,0,1,1,1,1,1,1,0,0,1,0,1,1,1,0,0,0,1,1,0
"209",1,1,0,1,1,0,1,1,0,0,1,1,0,1,1,1,1,1,1,0,0,1,1,1,1,1
"210",1,1,1,0,1,0,0,1,1,0,1,0,0,1,1,1,1,1,1,1,1,0,1,1,0,0
"211",0,1,1,0,1,1,0,1,1,1,0,1,1,1,0,1,1,1,1,0,1,1,1,1,1,0
"212",1,1,1,1,1,1,1,1,1,0,0,1,1,1,1,0,0,1,1,0,1,0,0,1,1,1
"213",1,1,1,1,1,0,1,0,1,1,1,1,1,1,1,1,1,0,0,1,0,1,1,1,0,0
"214",1,0,1,0,1,1,1,1,0,1,0,1,1,1,0,1,1,1,0,1,1,1,1,0,0,1
"215",1,1,1,1,1,0,1,0,1,0,0,1,1,0,1,0,0,1,1,1,1,1,1,0,1,1
"216",1,0,1,1,0,1,1,1,1,0,1,1,0,1,1,0,0,1,1,0,0,1,1,0,1,1
"217",1,1,0,1,1,1,1,0,0,1,1,0,1,1,0,0,1,0,0,1,1,1,1,0,1,1
"218",1,0,0,0,1,0,0,1,1,0,1,1,0,0,1,0,1,1,0,1,0,1,1,1,1,1
"219",0,1,1,0,1,1,1,0,1,1,1,0,1,1,1,0,1,1,1,0,1,1,0,0,1,1
"220",1,1,1,1,0,1,1,0,1,1,1,1,1,1,1,0,0,1,1,1,1,0,1,1,0,1
"221",1,0,1,1,1,0,1,1,1,1,1,1,1,1,0,0,1,0,1,1,1,1,0,1,0,1
"222",0,1,1,1,1,1,1,1,1,1,0,1,0,0,1,1,0,1,1,1,1,0,1,1,0,1
"223",1,0,0,1,1,1,0,0,0,1,1,1,0,1,0,0,0,1,1,0,1,0,0,1,1,1
"224",1,0,1,1,1,1,1,1,1,1,1,1,0,0,1,1,0,1,0,0,0,1,1,1,1,1
"225",1,1,1,1,1,1,1,1,1,1,1,1,1,1,1,1,0,1,1,1,1,1,1,1,0,1
"226",1,0,1,1,1,0,1,1,0,1,0,1,1,1,1,1,1,1,1,0,1,1,1,1,1,1
"227",1,1,1,1,1,1,1,1,1,1,1,1,1,0,1,1,1,1,1,1,0,1,0,0,0,0
"228",0,0,1,1,1,0,1,0,0,0,0,1,0,1,1,1,1,1,0,1,0,1,1,0,0,0
"229",1,0,1,1,0,1,0,0,1,0,0,1,0,1,1,0,1,1,1,0,0,1,0,0,1,0
"230",1,1,1,0,0,0,1,1,1,0,1,0,0,1,1,1,1,1,0,1,1,0,1,1,1,1
"231",1,1,1,1,0,1,1,1,0,1,1,1,1,1,1,0,0,1,1,0,1,1,0,1,1,0
"232",1,1,1,1,1,1,0,1,1,1,1,1,0,1,1,1,1,0,1,1,0,1,1,1,1,0
"233",1,1,1,1,1,1,1,1,1,1,0,0,1,1,1,1,1,1,1,1,1,1,1,1,1,1
"234",1,0,1,1,1,1,1,0,1,1,0,1,1,0,0,1,1,1,0,1,1,1,0,0,1,1
"235",0,0,1,1,0,1,1,1,1,1,1,1,0,1,1,1,1,1,0,0,1,1,1,0,1,1
"236",1,0,0,1,0,0,1,1,1,1,1,1,1,1,0,1,1,1,0,1,1,1,1,1,1,0
"237",1,0,1,1,1,1,1,0,1,0,0,1,0,1,1,1,1,0,1,1,1,1,1,1,1,1
"238",1,1,1,1,1,1,1,1,1,1,0,0,0,1,0,0,1,1,1,0,1,1,1,0,1,1
"239",0,1,1,1,1,0,1,1,1,1,1,1,1,0,1,1,1,0,1,0,0,1,1,0,1,1
"240",1,1,1,1,0,1,1,1,1,0,0,1,1,1,0,1,1,1,1,1,1,1,0,1,1,1
"241",1,0,1,1,1,1,1,1,1,1,1,1,1,0,1,1,0,0,1,1,1,1,1,1,1,1
"242",0,0,1,1,1,1,1,1,1,1,1,1,1,1,1,1,1,1,1,0,1,1,1,1,0,1
"243",0,0,1,0,0,1,0,0,0,1,1,1,1,0,0,1,1,0,1,1,1,1,0,1,1,1
"244",0,1,0,0,1,0,1,1,1,0,1,0,1,1,1,1,1,0,0,1,1,0,1,0,0,1
"245",1,0,1,0,1,1,1,0,1,1,1,1,1,1,1,1,1,0,1,1,1,1,1,1,1,0
"246",0,0,1,1,1,1,1,1,1,1,0,0,1,1,0,1,0,1,1,1,1,1,0,0,0,0
"247",1,0,1,1,1,1,1,1,0,1,1,1,1,0,1,1,0,1,1,1,1,0,1,1,1,1
"248",1,1,0,1,1,1,1,0,1,1,1,1,1,1,1,1,0,0,0,1,1,1,0,0,1,1
"249",0,1,1,1,0,1,1,1,0,1,1,1,0,1,0,1,1,1,1,1,1,1,1,1,1,1
"250",1,1,1,1,0,1,1,1,1,0,1,0,0,1,0,1,1,0,1,0,1,1,1,1,0,1
