"","X","S1","S2","S3","S4","S5","S6","S7","S8","S9","S10","S11","S12","S13","S14","S15","S16","S17","S18","S19","S20","S21","S22","S23","S24","S25"
"1",0,1,1,1,1,1,0,1,1,0,0,0,1,1,1,0,1,1,0,1,1,1,1,0,1,1
"2",1,1,1,0,1,0,0,0,1,0,1,1,0,1,1,1,0,1,1,1,1,1,1,1,1,0
"3",0,1,0,0,0,1,0,1,1,1,0,0,0,0,1,1,1,0,1,1,1,1,1,1,1,1
"4",0,1,0,1,1,1,0,1,0,1,1,1,0,1,0,1,1,1,1,1,1,1,1,1,1,0
"5",1,1,1,0,1,1,1,1,1,1,1,1,0,0,0,1,0,0,1,1,0,1,1,1,1,1
"6",0,1,1,1,1,1,1,1,1,0,1,0,1,0,1,1,1,1,1,1,1,1,0,1,1,0
"7",0,1,1,1,1,1,1,1,0,0,1,1,0,1,0,1,0,0,1,1,1,1,1,1,1,1
"8",0,1,1,1,1,0,1,0,0,1,1,1,1,0,1,1,0,1,0,0,1,1,1,1,1,1
"9",1,0,0,1,1,1,1,1,1,0,1,1,1,1,1,0,1,1,1,0,1,0,0,1,1,1
"10",1,0,1,1,1,1,1,0,0,1,1,1,0,1,1,0,1,1,0,0,1,1,1,1,1,1
"11",1,1,1,0,1,1,1,1,0,1,1,1,0,0,1,1,1,1,1,1,1,1,0,1,1,1
"12",1,1,1,1,1,1,1,1,1,1,1,1,0,1,1,1,1,0,0,0,0,1,1,1,1,1
"13",0,0,1,1,1,1,0,0,1,1,1,0,1,0,1,1,1,0,1,1,1,1,0,1,1,0
"14",0,0,1,1,1,1,1,1,1,1,1,1,1,1,1,0,1,0,1,0,1,0,1,1,1,0
"15",1,1,0,1,1,1,1,1,1,1,0,1,1,1,0,1,1,1,0,1,1,1,0,1,1,1
"16",1,1,0,1,1,1,0,1,1,1,1,1,1,1,1,1,1,0,0,1,1,1,1,1,1,1
"17",1,1,0,1,0,1,1,1,1,0,0,1,1,0,0,1,1,1,1,1,0,0,0,1,1,1
"18",0,1,1,1,1,0,1,1,0,1,0,1,1,1,1,1,1,0,0,0,1,1,1,0,1,1
"19",1,1,1,1,0,1,1,1,1,1,1,1,1,1,1,0,1,0,0,1,1,1,1,1,0,1
"20",0,1,0,1,0,1,1,1,1,1,0,1,0,1,1,1,1,1,1,1,0,0,1,0,1,1
"21",1,1,0,0,1,1,1,1,1,1,1,0,1,1,1,1,1,0,1,1,1,1,1,1,0,1
"22",1,1,1,1,1,0,1,1,1,1,1,1,0,1,0,1,1,0,1,1,1,0,1,1,0,1
"23",1,1,0,1,1,1,0,1,1,1,1,1,1,0,1,1,1,1,1,0,1,0,0,1,1,1
"24",0,1,1,1,1,1,0,1,1,1,1,1,0,1,1,0,1,1,0,0,1,1,1,0,1,0
"25",0,0,1,1,1,1,0,1,1,0,0,1,1,1,0,0,1,0,1,1,1,0,0,0,1,0
"26",1,1,0,0,1,1,1,0,1,1,1,1,1,0,1,1,1,0,1,1,1,1,1,0,0,1
"27",1,0,1,1,1,1,1,0,1,1,0,1,1,1,1,1,0,1,0,1,1,1,1,1,1,0
"28",0,1,1,1,1,1,1,1,1,0,1,0,1,0,0,1,0,1,1,1,1,1,0,1,1,0
"29",0,1,1,1,1,1,1,1,1,1,0,1,1,1,1,1,1,1,0,1,1,1,1,0,1,0
"30",1,1,1,0,0,1,1,1,0,1,0,1,0,0,1,1,1,1,1,1,1,1,0,1,0,0
"31",1,1,1,1,0,1,1,1,1,0,1,1,0,0,0,1,1,1,1,0,1,0,1,0,0,0
"32",1,1,0,0,1,0,1,0,1,1,0,1,1,0,0,0,0,1,1,1,0,1,1,1,1,0
"33",0,1,0,0,1,1,0,1,1,0,1,0,1,1,0,0,0,0,1,0,1,0,1,0,1,1
"34",1,1,1,1,0,0,0,1,1,0,1,0,1,1,1,1,1,1,1,0,0,1,1,0,1,0
"35",0,1,0,0,1,0,1,1,1,1,1,0,1,1,1,1,1,0,1,1,1,0,1,1,1,1
"36",1,1,1,1,1,1,1,1,0,1,0,1,1,1,1,1,0,1,0,0,1,1,1,1,0,1
"37",0,1,1,1,0,1,1,0,1,1,0,0,1,1,1,1,1,0,1,0,0,1,0,1,1,1
"38",1,1,0,0,0,1,1,1,1,1,1,1,0,1,1,1,1,1,1,1,1,0,1,1,1,1
"39",1,1,1,1,0,1,1,1,1,0,1,1,1,1,1,1,1,1,0,1,1,0,1,0,0,1
"40",1,1,0,1,1,1,0,0,1,0,1,1,1,0,1,0,1,0,1,1,1,1,1,1,1,1
"41",1,1,1,1,0,1,1,1,1,1,1,0,0,1,1,0,0,1,1,1,0,1,1,1,1,0
"42",1,1,0,1,1,1,0,1,1,1,0,1,1,1,1,1,0,0,0,1,1,0,1,0,0,1
"43",1,1,1,0,1,0,0,0,1,0,1,1,0,1,1,1,1,0,1,1,1,1,1,1,1,1
"44",0,1,1,1,1,1,1,0,0,1,1,0,1,1,0,1,1,1,1,1,0,1,1,0,1,1
"45",1,1,1,0,0,1,0,1,1,0,1,0,1,1,1,1,1,1,1,0,1,0,1,0,0,1
"46",0,1,1,1,1,1,0,1,0,1,1,1,1,0,1,1,1,0,1,1,1,0,1,1,1,0
"47",1,0,0,1,1,1,1,1,0,0,1,1,0,1,0,0,1,0,0,1,1,1,1,1,0,0
"48",0,1,1,1,0,1,0,1,1,0,1,1,0,1,1,1,1,0,1,1,1,1,1,1,0,1
"49",1,1,0,1,0,1,1,1,0,1,0,0,1,1,1,1,1,0,1,1,1,1,1,1,1,0
"50",0,0,0,1,1,1,1,0,0,1,1,1,1,0,1,1,0,1,1,0,1,1,0,1,0,0
"51",1,0,1,1,0,0,1,1,1,0,0,0,0,0,1,1,1,1,1,0,1,1,1,1,1,0
"52",1,1,1,1,1,1,0,0,1,1,1,1,1,1,1,1,0,0,1,0,1,1,0,1,0,1
"53",1,1,1,1,1,0,1,1,1,0,0,1,1,0,1,1,1,0,1,1,1,1,1,1,0,1
"54",1,0,1,1,0,1,1,1,1,1,1,1,0,1,1,1,0,1,1,1,1,1,1,0,1,1
"55",0,1,1,0,0,0,1,1,1,1,0,0,1,1,1,1,1,1,0,0,1,1,0,1,1,1
"56",0,0,1,1,1,1,1,1,0,1,1,0,1,0,1,0,0,0,0,1,1,1,1,0,1,0
"57",1,1,1,0,1,1,1,0,1,0,1,1,1,1,0,1,1,0,1,1,1,1,0,0,1,0
"58",1,1,1,1,1,1,1,1,1,0,1,1,1,1,1,1,0,1,1,1,1,0,1,1,1,0
"59",1,1,1,1,1,1,1,0,1,0,0,1,1,1,1,1,1,1,0,0,0,1,0,1,0,1
"60",1,1,1,1,1,0,0,0,1,1,0,1,1,0,0,1,1,1,0,1,0,1,1,0,1,1
"61",1,1,1,1,1,0,0,0,1,1,1,0,1,0,1,0,0,1,1,1,0,1,1,1,1,1
"62",0,0,1,0,1,1,1,1,0,1,1,1,1,1,1,1,1,1,1,0,1,0,1,1,0,1
"63",1,1,1,1,1,1,0,1,0,1,0,1,1,1,1,0,1,1,0,1,0,0,1,0,0,0
"64",0,1,1,1,1,1,1,1,0,0,1,0,1,1,0,0,0,1,1,0,1,0,1,0,0,0
"65",1,0,1,1,1,1,0,1,0,1,0,0,0,1,1,0,0,1,1,1,1,0,1,1,1,1
"66",1,1,1,1,1,0,1,0,1,1,1,1,1,1,0,1,0,0,0,1,1,0,1,0,0,1
"67",1,1,1,0,0,1,0,0,1,1,0,1,1,1,0,1,1,1,0,1,1,0,1,1,0,0
"68",1,1,0,0,1,0,1,1,1,0,1,1,1,0,1,1,1,1,1,1,1,0,1,0,0,1
"69",1,1,1,1,0,1,1,1,1,0,0,1,0,1,0,1,1,1,1,0,1,1,1,1,1,0
"70",1,1,1,0,1,1,1,1,1,1,1,1,1,0,1,0,1,1,1,1,1,0,1,1,1,1
"71",1,0,1,0,1,1,1,0,0,0,1,1,1,1,1,0,0,1,1,1,0,1,0,1,1,1
"72",1,1,1,0,1,1,0,1,1,1,1,1,0,0,0,1,1,1,1,1,1,0,0,1,0,1
"73",0,1,1,1,1,0,0,1,1,1,1,1,0,0,1,0,1,1,1,0,1,1,0,0,1,1
"74",1,0,1,1,1,1,1,0,0,0,1,1,1,0,1,1,1,1,1,0,1,1,1,0,1,1
"75",0,0,1,1,1,1,1,1,1,0,0,1,0,1,0,0,1,1,1,1,1,1,1,0,1,1
"76",0,1,1,1,1,0,0,1,1,1,0,0,0,0,1,1,0,0,1,1,1,0,1,0,1,1
"77",1,1,1,1,1,1,1,1,1,1,1,0,1,0,1,1,1,1,1,1,0,1,0,0,0,0
"78",1,1,1,1,1,1,1,1,1,0,0,1,1,1,1,1,0,1,0,1,0,1,1,1,1,0
"79",1,1,1,1,1,1,1,1,1,1,0,1,1,1,0,1,1,1,1,1,1,1,0,1,1,1
"80",1,1,1,1,0,1,1,1,1,1,0,1,1,1,1,1,1,1,0,1,1,0,0,1,0,0
"81",1,1,1,0,1,1,0,1,0,1,1,0,1,0,1,1,1,1,1,1,1,1,0,1,1,1
"82",0,1,0,0,1,1,0,1,0,0,0,1,1,1,0,1,1,1,1,1,1,0,0,0,1,1
"83",0,1,0,1,1,1,1,1,0,1,1,1,0,1,1,1,1,1,1,0,1,1,1,1,1,1
"84",1,1,1,1,1,0,1,1,1,1,1,1,1,0,1,1,0,1,1,0,1,0,1,1,0,1
"85",1,0,0,1,0,1,1,1,1,0,1,1,1,1,0,1,0,1,1,0,0,0,1,1,0,1
"86",1,0,1,1,1,1,1,1,1,1,1,1,1,1,0,1,0,0,1,1,1,1,1,1,0,0
"87",1,0,0,1,1,1,0,1,1,1,1,1,1,1,0,0,1,1,0,0,0,1,1,0,0,1
"88",1,1,1,1,0,0,0,1,1,1,1,1,1,1,1,1,1,1,1,0,1,0,0,1,1,1
"89",1,1,1,0,1,0,1,0,1,1,1,1,1,1,0,1,0,0,0,1,1,1,0,0,0,1
"90",1,0,1,1,0,1,0,1,1,1,0,1,1,0,0,1,1,1,1,0,1,0,0,1,1,1
"91",1,1,1,0,1,0,1,1,1,1,1,0,1,1,1,1,0,1,1,1,1,1,0,1,1,1
"92",0,0,1,1,1,1,1,1,1,1,1,1,1,1,1,1,0,0,1,1,1,1,1,1,1,0
"93",0,0,0,1,0,1,1,1,0,1,1,1,1,1,0,1,1,1,1,0,1,1,1,1,0,0
"94",1,1,0,1,1,1,0,1,1,1,1,1,1,0,0,1,1,1,1,0,1,1,0,1,0,1
"95",0,0,1,1,1,0,1,1,1,1,0,1,1,0,0,0,1,1,1,0,1,1,1,1,1,1
"96",1,0,0,1,1,1,0,0,0,0,1,1,1,1,1,1,1,1,0,0,1,0,0,1,1,0
"97",0,1,1,0,0,0,1,1,1,1,1,1,1,1,1,1,1,1,0,1,0,0,0,1,0,1
"98",1,1,1,0,1,1,1,1,1,0,1,1,0,1,1,1,0,1,1,0,1,1,1,0,1,0
"99",1,0,1,1,1,0,0,1,1,1,1,1,0,1,1,1,0,1,0,0,1,0,1,1,1,1
"100",1,0,1,1,1,1,1,1,1,0,1,1,1,1,1,1,1,0,0,1,1,1,0,0,0,0
"101",1,1,0,1,1,1,1,1,1,1,1,0,1,1,1,0,0,1,1,0,1,1,0,1,1,1
"102",1,1,1,1,1,0,1,1,0,1,1,1,1,0,0,0,1,1,1,0,1,0,1,1,1,1
"103",0,1,1,1,0,1,1,1,1,1,0,1,1,1,1,0,1,0,0,1,1,1,0,1,1,1
"104",0,1,0,1,0,0,0,0,1,1,1,1,1,1,1,1,1,1,1,1,0,1,1,1,1,1
"105",0,1,1,1,1,1,1,0,1,0,1,1,1,0,1,1,1,1,0,1,0,1,1,0,0,0
"106",0,1,1,1,1,1,1,0,1,0,0,1,1,0,1,0,1,1,1,1,1,1,1,1,1,1
"107",1,1,1,1,0,1,1,0,1,1,1,0,1,0,0,1,1,1,1,0,0,1,0,1,1,1
"108",1,1,0,0,1,1,0,1,1,1,0,1,1,1,1,1,1,1,1,1,1,1,1,1,1,1
"109",0,0,0,1,0,0,1,1,1,0,1,1,1,0,1,0,0,1,1,0,1,1,0,0,1,0
"110",1,0,1,1,1,1,1,1,1,1,1,1,1,1,0,0,1,1,1,0,1,0,1,0,0,1
"111",1,1,0,1,1,1,1,1,1,0,1,0,1,1,1,1,1,1,0,1,1,1,0,1,0,0
"112",1,0,1,0,1,0,1,0,1,1,1,1,1,0,1,0,1,1,0,1,1,1,1,1,1,1
"113",1,0,0,1,1,1,1,1,1,1,1,1,0,1,1,1,1,1,0,1,1,1,1,1,1,0
"114",1,0,0,0,0,0,1,1,0,1,1,0,1,1,1,1,1,1,1,1,0,0,1,1,0,1
"115",1,1,1,1,0,1,0,1,1,1,0,1,1,1,1,0,1,0,1,1,1,1,1,0,1,1
"116",1,1,1,1,1,0,1,0,1,0,1,1,1,0,0,1,1,1,1,1,1,1,0,0,1,0
"117",1,1,0,1,1,1,1,1,0,1,1,0,0,1,1,1,1,1,0,1,1,1,1,0,0,0
"118",1,1,1,1,1,1,1,1,1,1,1,1,1,1,1,0,1,1,1,1,0,0,1,0,0,1
"119",1,0,1,1,1,1,1,1,0,1,1,1,1,1,1,1,1,1,1,1,0,1,1,1,1,1
"120",1,1,0,1,0,1,1,1,0,1,1,1,1,1,1,1,1,1,1,1,0,0,1,1,1,1
"121",1,1,1,0,0,0,1,0,1,0,1,1,1,0,1,1,1,0,1,0,1,1,1,1,1,1
"122",1,1,1,1,1,1,0,1,0,1,0,1,1,1,1,1,1,1,1,1,1,1,0,1,1,1
"123",1,1,1,1,1,1,1,0,0,1,0,1,0,0,0,1,0,0,1,0,1,0,1,0,1,0
"124",1,1,0,0,0,1,1,0,1,0,1,1,0,1,0,1,1,0,1,1,1,1,0,0,1,1
"125",1,0,0,0,1,1,1,0,1,1,0,1,0,1,1,1,1,0,1,0,1,1,1,1,1,1
"126",1,0,1,1,1,1,1,1,1,1,1,0,1,0,0,1,1,1,0,1,1,1,1,1,0,1
"127",1,1,1,1,1,1,1,1,1,1,1,0,1,1,0,0,1,1,0,1,1,1,1,1,0,1
"128",1,1,0,1,1,1,1,1,0,1,1,1,0,1,0,1,0,0,1,1,0,1,1,0,1,1
"129",1,1,1,1,1,0,1,0,1,1,0,1,0,1,1,1,0,1,0,1,1,0,0,1,1,0
"130",0,0,0,1,1,1,1,1,1,1,0,1,1,1,1,1,1,1,1,1,1,1,0,0,1,1
"131",1,1,1,0,1,0,0,1,1,1,1,1,1,1,1,1,0,0,0,1,1,1,0,1,1,1
"132",0,0,0,1,1,1,0,1,1,1,1,1,1,0,1,1,1,1,0,1,0,1,0,1,1,1
"133",0,1,1,1,1,1,1,0,0,1,1,0,0,0,1,1,0,1,0,1,1,1,0,0,0,1
"134",1,1,1,1,1,1,1,1,1,1,0,0,0,0,1,1,0,1,0,1,1,1,0,1,1,1
"135",0,1,0,0,0,1,1,1,0,1,0,0,0,0,1,1,1,0,0,0,1,1,1,1,1,1
"136",1,0,0,1,1,0,1,1,0,0,1,1,1,1,0,0,0,1,0,0,0,0,1,1,0,1
"137",0,0,1,1,1,1,1,1,1,1,1,0,1,1,1,0,1,1,0,1,1,1,1,1,0,1
"138",0,1,0,1,1,0,0,1,1,0,1,0,1,1,1,0,0,1,1,0,0,1,1,1,1,1
"139",0,1,1,1,1,1,1,0,1,1,0,0,1,0,1,0,1,1,1,1,0,1,1,1,1,1
"140",0,1,1,1,1,0,1,1,1,1,0,1,0,1,1,0,1,1,1,0,1,0,1,1,0,1
"141",1,1,1,1,1,0,0,0,1,1,1,0,0,1,0,1,0,1,0,1,1,1,1,0,1,1
"142",1,1,1,1,1,1,1,0,0,1,0,1,0,1,1,1,1,1,1,1,1,1,1,1,1,1
"143",1,0,1,1,1,1,1,0,1,1,0,1,1,1,1,1,1,0,0,0,0,1,1,0,1,1
"144",1,1,1,1,1,1,1,1,1,0,1,1,1,0,0,1,1,1,1,1,0,1,1,1,1,1
"145",1,1,1,0,1,0,0,1,0,1,1,0,1,1,1,1,0,1,1,1,1,1,0,0,1,0
"146",0,0,0,1,1,1,1,1,1,1,1,1,1,1,0,1,1,1,1,1,1,1,1,1,1,1
"147",1,1,1,1,1,1,0,1,1,1,0,1,1,0,1,0,1,0,1,1,1,1,1,1,1,0
"148",1,1,1,1,1,0,1,1,1,1,1,0,1,1,1,0,1,0,1,0,1,1,1,1,1,0
"149",1,1,1,1,1,0,0,1,1,0,0,0,1,1,0,0,0,0,0,0,1,0,1,1,1,1
"150",1,0,1,1,1,1,0,0,1,0,0,1,1,0,1,0,0,1,0,0,0,0,1,1,0,1
"151",0,1,1,0,1,0,0,0,1,0,1,1,1,1,1,0,1,0,1,1,1,0,1,1,0,1
"152",1,1,0,0,1,1,1,1,1,1,0,1,1,1,0,1,1,1,1,0,0,1,1,1,1,0
"153",1,1,1,1,1,1,1,1,1,1,1,1,1,0,1,1,1,1,1,1,1,1,0,0,1,1
"154",1,1,1,1,1,1,0,1,0,1,0,1,1,1,1,1,1,1,0,0,1,1,0,1,1,0
"155",1,1,1,1,1,1,1,1,1,1,1,1,1,0,0,1,0,1,0,0,0,1,1,1,0,1
"156",1,1,1,1,1,1,1,1,1,0,1,0,1,1,1,1,0,1,1,1,1,1,1,1,0,0
"157",1,0,0,1,1,1,1,0,0,1,1,0,1,1,1,0,1,1,1,1,1,1,1,1,1,0
"158",1,0,1,1,1,0,0,1,0,1,1,1,1,1,1,0,1,1,1,0,0,0,1,0,1,1
"159",1,1,1,1,0,1,1,0,0,1,0,1,1,0,1,1,0,1,1,1,0,1,1,1,0,1
"160",1,1,1,0,1,1,1,1,1,0,1,1,0,1,0,1,0,1,1,1,0,1,1,1,1,0
"161",1,0,1,0,1,1,0,1,1,1,0,1,1,0,1,1,1,1,0,1,1,1,0,0,1,1
"162",0,1,0,1,1,1,1,0,0,0,1,0,0,0,0,0,1,1,1,0,0,1,1,1,0,1
"163",1,1,1,1,0,1,0,1,0,0,0,1,0,0,0,1,1,1,0,1,0,1,1,0,1,1
"164",1,1,1,1,1,1,0,1,1,1,0,1,1,1,1,1,1,0,1,1,0,0,1,1,1,0
"165",1,1,1,1,1,1,0,0,1,1,1,0,1,0,1,1,0,1,1,1,1,1,1,1,1,1
"166",1,1,0,1,0,1,1,0,0,1,1,0,1,0,0,1,0,0,1,0,1,1,1,1,1,1
"167",1,0,1,0,1,1,1,0,1,1,1,0,1,0,1,0,0,0,1,0,1,1,1,1,0,1
"168",1,0,1,0,1,0,1,0,1,1,1,1,1,1,1,0,1,1,0,1,0,1,1,1,1,1
"169",1,1,1,1,1,0,1,1,1,1,0,0,1,1,1,0,1,0,1,0,1,1,1,1,1,0
"170",1,0,1,1,0,1,1,1,1,1,0,0,1,1,1,1,1,1,0,1,0,1,1,1,1,1
"171",1,1,1,1,1,1,1,1,1,1,1,1,0,1,1,1,1,1,0,1,1,1,1,1,0,1
"172",0,1,1,1,0,1,1,0,0,1,1,1,1,1,1,1,1,1,0,1,1,0,0,1,1,1
"173",1,0,1,1,1,1,1,1,1,1,0,1,1,1,1,1,1,1,1,1,1,1,1,0,0,1
"174",1,1,1,1,1,0,1,1,1,1,1,1,1,1,0,1,1,1,1,0,1,0,1,1,1,1
"175",1,0,1,0,0,0,1,1,1,0,1,1,1,1,0,1,1,1,0,1,0,1,1,1,1,0
"176",1,1,1,1,1,1,1,1,0,0,1,1,0,1,1,1,1,1,1,1,1,1,1,1,1,1
"177",1,1,1,1,1,1,1,0,1,1,1,1,1,1,1,0,1,1,1,1,0,1,1,1,1,1
"178",1,1,1,1,0,1,1,1,1,1,1,1,0,1,1,1,1,1,1,1,1,1,1,1,0,0
"179",1,1,1,0,1,1,1,1,1,1,1,1,1,0,1,1,1,1,1,1,1,0,0,1,0,1
"180",1,1,1,1,1,0,1,1,1,1,1,1,0,1,1,1,0,1,0,1,1,1,0,0,1,1
"181",1,1,1,1,1,1,1,1,1,1,1,1,1,1,1,1,1,0,0,1,1,1,1,1,1,1
"182",1,1,0,1,1,1,1,1,0,1,1,1,1,1,0,0,1,0,1,0,0,1,1,1,1,1
"183",1,1,1,1,1,1,0,0,1,0,1,1,1,1,0,1,1,0,1,1,0,0,1,1,0,1
"184",0,1,1,1,1,1,1,1,1,1,1,1,0,1,0,1,0,0,1,0,0,1,0,1,1,1
"185",1,0,1,0,1,0,1,0,1,1,1,1,1,0,1,1,1,1,1,1,1,1,1,1,1,1
"186",0,1,1,1,1,1,1,1,1,0,0,1,1,1,1,1,1,1,1,1,1,1,0,0,0,0
"187",0,1,1,1,1,1,1,0,0,0,1,1,0,1,0,1,0,1,0,0,0,1,0,1,1,1
"188",1,0,1,0,1,1,0,0,1,0,1,1,1,0,1,1,0,1,1,1,1,1,1,1,1,1
"189",1,1,1,1,1,1,1,1,1,0,1,1,1,1,1,1,1,0,1,0,1,0,1,1,1,0
"190",0,1,1,1,1,1,1,0,0,0,1,1,0,0,1,0,1,1,0,1,0,1,0,1,0,1
"191",1,0,1,1,1,1,0,0,0,1,1,0,1,1,0,1,1,1,0,1,1,0,1,1,1,1
"192",0,1,1,1,1,1,1,1,0,1,1,1,1,0,0,1,1,1,1,1,1,1,1,0,0,0
"193",1,1,0,0,1,1,1,1,1,0,1,0,1,1,0,1,1,0,0,1,0,1,1,1,1,1
"194",1,1,1,1,1,1,0,1,1,0,1,1,0,1,1,1,1,0,0,1,1,1,0,1,1,1
"195",1,1,0,1,1,1,0,1,1,1,0,1,1,1,0,1,1,0,1,1,0,1,1,0,0,1
"196",1,1,1,0,1,0,0,1,1,0,1,1,1,1,0,1,0,0,0,0,0,1,1,1,1,1
"197",0,1,1,1,1,1,1,1,1,1,0,1,1,1,1,1,1,1,1,0,1,1,1,0,1,1
"198",1,1,0,1,1,1,0,1,1,1,1,1,1,1,1,1,0,1,1,1,1,1,0,1,1,1
"199",1,1,1,1,1,0,0,1,1,1,1,0,1,1,1,1,1,1,1,0,1,1,1,1,1,0
"200",1,1,1,1,0,0,1,1,0,1,1,1,0,1,0,1,1,1,1,1,1,1,1,1,1,1
"201",1,1,1,0,1,1,1,1,1,1,0,0,0,1,1,1,1,0,1,0,1,1,0,1,1,1
"202",0,0,0,1,0,0,1,1,1,1,0,0,1,0,1,1,1,0,0,1,1,1,1,1,1,1
"203",0,0,1,1,1,1,1,1,0,1,1,1,1,0,0,1,1,1,1,1,1,0,0,1,1,1
"204",0,1,0,1,1,1,1,1,0,0,0,0,1,1,1,0,1,1,1,1,1,1,1,1,1,0
"205",1,0,1,1,1,0,0,1,1,1,1,0,1,0,1,1,1,1,1,0,1,1,0,0,1,1
"206",1,1,1,1,1,1,1,1,1,1,1,1,0,0,1,1,0,0,1,0,1,1,1,0,1,1
"207",0,1,1,1,0,0,1,0,0,1,1,1,1,1,1,0,1,1,0,1,1,1,0,1,1,1
"208",0,0,1,1,1,0,0,1,1,1,1,0,0,1,0,1,0,1,1,1,1,1,1,0,1,1
"209",1,1,1,1,1,1,1,1,1,1,0,1,1,1,0,1,0,1,1,0,1,0,1,1,0,1
"210",1,1,0,1,1,1,1,0,1,1,0,1,1,1,1,1,1,1,1,1,0,1,0,1,0,0
"211",1,0,1,1,0,1,1,0,1,0,0,1,1,1,1,1,1,1,1,0,0,1,1,1,1,1
"212",1,1,0,1,0,0,1,1,1,0,1,1,1,1,1,0,0,1,1,1,1,1,1,1,1,0
"213",1,0,0,1,1,1,1,1,1,1,1,1,1,1,0,0,1,1,0,1,1,0,1,1,1,1
"214",1,1,1,1,0,0,1,1,1,1,1,0,1,1,1,1,1,1,1,0,1,1,1,0,1,1
"215",1,1,1,0,1,0,1,1,0,1,1,0,1,1,1,1,0,0,1,1,0,1,0,1,0,1
"216",1,0,1,1,1,0,0,1,1,1,0,1,1,1,1,0,1,1,1,1,0,1,1,1,0,1
"217",1,1,1,0,0,1,1,1,1,0,1,1,1,1,1,1,1,1,1,1,0,0,1,1,0,0
"218",0,1,1,0,0,1,0,1,1,0,1,1,1,0,0,1,1,1,1,0,0,1,1,1,1,1
"219",1,1,1,1,0,1,1,1,1,1,0,1,0,1,1,1,0,0,1,1,1,1,1,0,0,1
"220",0,1,1,1,1,1,1,1,1,1,1,1,1,0,0,1,1,0,1,1,1,1,1,1,1,0
"221",1,1,1,1,1,0,0,1,1,1,1,1,1,0,1,1,1,1,1,1,0,0,1,1,1,1
"222",0,0,1,1,1,1,1,1,1,1,1,0,1,1,0,0,1,1,1,1,0,1,1,0,1,1
"223",1,1,0,1,1,1,0,0,0,1,1,1,1,0,1,1,1,1,1,0,0,0,0,0,0,0
"224",1,0,1,1,1,1,1,1,1,0,0,1,1,1,1,0,0,1,1,1,1,1,0,1,1,1
"225",1,1,0,0,1,0,1,1,1,1,1,1,1,1,1,1,1,1,1,1,1,1,0,0,0,1
"226",1,1,1,1,1,1,1,1,1,1,1,0,1,1,0,1,1,1,1,1,1,1,1,0,1,0
"227",0,1,1,1,1,1,1,1,1,1,1,1,1,1,1,1,1,1,1,1,1,0,1,1,1,1
"228",1,1,1,0,1,0,0,1,0,0,1,1,1,1,1,1,0,1,1,1,1,1,1,1,1,1
"229",1,1,1,1,1,0,1,1,1,0,0,1,1,0,1,1,1,1,1,0,1,1,1,1,1,1
"230",1,0,1,1,1,1,0,1,1,1,0,1,0,1,1,1,0,1,1,0,1,0,0,1,1,1
"231",0,1,0,1,1,0,1,1,0,1,1,1,0,1,1,1,1,1,0,0,1,1,1,1,0,1
"232",0,0,0,1,1,0,0,1,1,1,1,0,1,1,1,0,1,1,1,0,1,1,1,0,1,1
"233",1,0,1,0,0,1,1,1,0,1,1,1,1,1,1,0,0,0,0,1,1,1,1,1,0,1
"234",1,1,1,1,0,1,1,1,1,0,1,1,1,0,1,0,1,1,1,1,1,1,1,1,1,1
"235",1,1,1,1,1,1,1,1,0,1,1,1,1,1,0,1,1,0,1,1,1,1,1,1,1,1
"236",0,1,1,0,1,1,1,1,1,0,1,1,0,0,0,0,0,1,1,1,1,0,0,1,1,1
"237",1,1,1,1,0,1,0,0,1,1,1,1,0,1,0,1,0,1,1,1,1,0,1,1,0,0
"238",0,1,1,0,1,1,1,0,1,1,1,1,1,1,0,1,1,1,0,1,1,0,1,1,0,1
"239",1,1,1,1,1,1,1,1,0,1,0,1,0,0,1,1,1,1,1,1,0,1,0,1,1,1
"240",1,1,1,1,1,1,1,1,1,1,1,1,1,1,1,1,1,1,1,1,1,1,1,1,1,1
"241",1,1,0,1,1,1,1,0,0,0,0,0,1,1,1,1,0,0,0,0,1,1,1,1,0,1
"242",1,0,1,1,1,1,1,1,1,1,1,1,0,1,1,1,1,1,1,1,1,1,0,1,1,1
"243",1,1,1,1,1,1,1,1,1,0,1,1,1,1,0,1,0,1,0,1,0,1,1,1,1,1
"244",1,1,1,1,0,1,0,1,1,1,0,1,0,0,1,0,1,1,1,1,1,1,1,1,1,1
"245",1,1,1,1,0,0,1,0,1,1,1,1,0,1,1,1,0,1,0,0,1,1,1,1,1,1
"246",1,1,1,1,1,1,1,1,1,1,0,1,1,1,1,1,1,1,1,1,1,1,1,1,1,1
"247",1,1,0,1,1,0,1,1,1,1,0,1,0,1,1,1,1,0,1,1,1,1,1,0,0,0
"248",1,0,0,0,1,1,0,1,1,1,1,1,1,1,0,0,1,0,1,1,0,1,1,0,0,1
"249",0,1,0,1,0,1,0,1,0,0,1,0,1,0,1,1,1,1,1,1,1,1,1,1,0,1
"250",0,1,1,1,1,1,1,0,1,1,1,0,1,1,1,1,1,1,1,1,1,1,0,0,0,1
